PT2005V2PCIE_10_10_EcmP_mk3_stock_custom_pretrain_ftMS_sl10_ll0_pl10_dm18_dp0_pl1_nh3_el3_dl1_df128_fc1_ebtimeF_Exp_dcomp0_kn9_LOlinears_None_rv1_close_pct_change
[1.0137219516315845, 1.0155057432474914, 1.0095101738417591, 1.0106318922155233, 1.0103266942581344, 1.0110394569860164, 1.0076873934630193, 1.0119754361985909, 1.0029303929219744, 1.0127248476049313, 1.0001240494501524, 0.9996738352558829, 1.0127223238399132, 1.0036540254197939]
Average loss : 1.0087305868810548

PT2005V2PCIE_20_20_EcmP_mk3_stock_custom_pretrain_ftMS_sl20_ll0_pl20_dm18_dp0_pl1_nh3_el3_dl1_df128_fc1_ebtimeF_Exp_dcomp0_kn9_LOlinears_None_rv1_close_pct_change
[0.9952755205937334, 0.9962918318405345, 1.0015311361970127, 0.9999697118796207, 1.0011141110916395, 0.998760534198703, 0.9883867403542673, 0.997651676873903, 0.9961194265130404, 1.0102705019148621, 0.9817855026986864, 1.0043499764759798, 0.9988285354464441, 0.9987695955142781]
Average loss : 0.9977932001137647

PT2005V2PCIE_40_40_EcmP_mk3_stock_custom_pretrain_ftMS_sl40_ll0_pl40_dm18_dp0_pl1_nh3_el3_dl1_df128_fc1_ebtimeF_Exp_dcomp0_kn9_LOlinears_None_rv1_close_pct_change
[0.9879237238457586, 0.9872577711176954, 0.9862428212938862, 0.9919347448763994, 0.991772480792153, 0.994137233027826, 0.9842038866602927, 0.9898664108111996, 0.9945567425200557, 1.0019773327246462, 0.9521004204022683, 1.0040024893275707, 0.9923619485552401, 0.9935904294760968]
Average loss : 0.9894234596736491

PT2005V2PCIE_60_60_EcmP_mk3_stock_custom_pretrain_ftMS_sl60_ll0_pl60_dm18_dp0_pl1_nh3_el3_dl1_df128_fc1_ebtimeF_Exp_dcomp0_kn9_LOlinears_None_rv1_close_pct_change
[0.9747983680148304, 0.9869707073133016, 0.9856964865910638, 0.9953489323047429, 0.9895903908509979, 0.9842368304934289, 0.9758457443148819, 0.9842878409062874, 0.9877629999032954, 0.9913896740097361, 0.9227804824284145, 0.993007008562383, 0.9876051373088482, 0.9835055372149674]
Average loss : 0.9816304385869415

