PT2016V2PCIE_10_10_EcmP_mk3_stock_custom_pretrain_ftMS_sl10_ll0_pl10_dm18_dp0_pl1_nh3_el3_dl1_df128_fc1_ebtimeF_Exp_dcomp0_kn9_LOlinears_None_rv1_close
[0.005935537928317283, 0.009142178582072618, 0.02579132710853892, 0.0217284185120896, 0.014805803939159359, 0.025590088811793154, 0.030701014021742006, 0.03894939212008349, 0.02176496079341779, 0.04109583578012403, 0.010277402452042988, 0.037814131292003776, 0.02086477466828881, 0.01484810406221978, 0.016345911452757014, 0.028725555459518107, 0.023291307730570195, 0.02027619863680053, 0.019601341772584185, 0.06383821749759297, 0.007608834077649179, 0.02938232166812785, 0.026361925707709406, 0.05292031712709896, 0.017319857379451634, 0.023974532396682808, 0.009189188882197824, 0.00994478339036446, 0.011841587588987164, 0.01690394129611612, 0.030836876789708773, 0.04079957539215684, 0.04319368649814879, 0.017870222852985944, 0.01810205462689121, 0.01716140485105796, 0.019348750773426748, 0.01039495799622889, 0.008733611874988364, 0.03292522056689186, 0.03899155295784435, 0.07217403631957789, 0.01067393058685646, 0.005501982961563514, 0.01246480046087996, 0.036090954634991866, 0.021907076960609805, 0.013488903992824377, 0.009072292808278074, 0.008724663802798117, 0.026193062237824402, 0.007783751902846439, 0.04152381411873766, 0.1531298000425581, 0.09880417615415589, 0.021001898326850947, 0.034448195203778245, 0.01628520269127142, 0.007017362932299053, 0.02885191541375412, 0.03486461096984004, 0.010018172303980758, 0.1383488368423235, 0.04224253117647623, 0.006768957263932774, 0.01697573009427757, 0.036274415583560066, 0.010755346464594044, 0.064020526700563, 0.010486646949674093, 0.015848139774114374]
Average loss : 0.027984992154820063

PT2016V2PCIE_20_20_EcmP_mk3_stock_custom_pretrain_ftMS_sl20_ll0_pl20_dm18_dp0_pl1_nh3_el3_dl1_df128_fc1_ebtimeF_Exp_dcomp0_kn9_LOlinears_None_rv1_close
[0.011083746406560143, 0.017350992608088547, 0.04708209549023853, 0.040129550634239744, 0.026884313051899273, 0.04911525235549221, 0.06179098070152407, 0.06893976930740887, 0.04060219840820485, 0.07733154134840016, 0.01988613776620326, 0.0679204325850417, 0.0418108930977864, 0.027149012721166377, 0.030330878561286908, 0.0516491356055911, 0.043879922494534554, 0.0380061656251792, 0.037142146923920004, 0.1256611125498283, 0.014028129429079411, 0.05795855677830494, 0.0476151669125368, 0.09638690118624912, 0.02974274905958796, 0.042205528863440686, 0.019055785842209568, 0.017315347813357546, 0.02207903320923811, 0.03262386993860932, 0.059869230868734, 0.07501870149943402, 0.07644002533298198, 0.032200976744354744, 0.034190133918167616, 0.03131592614439929, 0.03416936609106577, 0.017476266961756762, 0.015728567516794655, 0.06157450477887944, 0.07272843291180406, 0.13709546410577084, 0.01902169281450229, 0.01003926958532898, 0.023649019582908812, 0.06924239103871632, 0.03939227486498714, 0.023484546982690813, 0.016985136710819068, 0.016093699768851926, 0.049757622205084416, 0.014996419978759638, 0.07693124203601988, 0.28493072425689153, 0.16535676343411934, 0.04061287307612053, 0.06204068631963516, 0.028902755243840013, 0.012440752472758778, 0.05128682548619383, 0.05903871230235914, 0.019483605202862887, 0.2508197653947807, 0.07388583944762141, 0.01081148876687436, 0.03299745136675069, 0.06425187346048472, 0.017952050941776695, 0.12439968009910933, 0.01811823692945082, 0.02932602797097307]
Average loss : 0.051504427773107375

PT2016V2PCIE_40_40_EcmP_mk3_stock_custom_pretrain_ftMS_sl40_ll0_pl40_dm18_dp0_pl1_nh3_el3_dl1_df128_fc1_ebtimeF_Exp_dcomp0_kn9_LOlinears_None_rv1_close
[0.020239897669913867, 0.030254056871247787, 0.0765037609419475, 0.07020836034789682, 0.047552340438899894, 0.08998099612072111, 0.12143201129510998, 0.126892068857948, 0.06725539723411203, 0.12223285116876165, 0.037286272660518684, 0.12631267964219053, 0.08576951048647365, 0.047399138139250376, 0.0564948326908052, 0.08350930822392305, 0.08049825141206383, 0.07013132573726276, 0.06491838349029422, 0.24665743050475916, 0.024293489498086275, 0.11211426625959575, 0.07262684730812907, 0.1541308667510748, 0.050483251983920736, 0.07528359900849561, 0.03929548948847999, 0.027020309283398092, 0.04108137448007862, 0.06031317226588726, 0.1142259142982463, 0.12962945946492255, 0.12534688183416923, 0.05352039034478366, 0.057259472040459516, 0.05458127593932052, 0.0569924234567831, 0.02522561336712291, 0.02806199889164418, 0.11519380609194438, 0.12925280258059502, 0.2618346126750112, 0.030737212851333122, 0.017788417373473444, 0.03766361194041868, 0.1277332520733277, 0.06979813280825814, 0.03594122433569282, 0.02857591739157215, 0.02686047167517245, 0.0885148210451007, 0.02573670120521759, 0.12594828410074116, 0.5158097364008427, 0.24882394677648942, 0.07789037575324377, 0.10428169694108268, 0.04796340479515493, 0.022226349066477268, 0.08424876503025493, 0.09952904686021308, 0.036318123208669326, 0.4085175274560849, 0.12481485713894168, 0.015543659233177702, 0.060286343252907194, 0.09343519027655324, 0.026096758719844123, 0.22361948639154433, 0.02900616076464454, 0.05181982537421088]
Average loss : 0.08964542945756186

PT2016V2PCIE_60_60_EcmP_mk3_stock_custom_pretrain_ftMS_sl60_ll0_pl60_dm18_dp0_pl1_nh3_el3_dl1_df128_fc1_ebtimeF_Exp_dcomp0_kn9_LOlinears_None_rv1_close
[0.026587365814721434, 0.040806899825900286, 0.08179992238470053, 0.08352027779792325, 0.060892038126239334, 0.12357028812106888, 0.16524617193992866, 0.18038147258556494, 0.08786364493228621, 0.16914638011889943, 0.053612449301122606, 0.16150904951964395, 0.11656382193757316, 0.06309242413963302, 0.07058517098174256, 0.1010339088043419, 0.10218882197672027, 0.094135902001191, 0.08465805319848202, 0.3143366786761809, 0.02635961562647658, 0.15708706774196382, 0.08617462924981521, 0.19654742110583742, 0.05700194442613145, 0.10553931823726427, 0.0530121958640925, 0.031381582872847376, 0.050075189084193464, 0.07890544819124674, 0.1582590798073906, 0.17740590811975426, 0.13707219174731586, 0.0588471232360955, 0.07802200732531689, 0.06994983358150822, 0.07129458128080024, 0.027430732742393927, 0.03573336947109487, 0.15426052929991382, 0.18208485039866576, 0.37120345904160357, 0.03674046396893465, 0.021237455055875293, 0.03740317242662028, 0.16561550561780647, 0.07897816519489732, 0.0416280248881144, 0.04080760762316443, 0.03237972237264453, 0.11055390356834661, 0.03170469897341425, 0.16232969226726032, 0.504756697279922, 0.27799991177300276, 0.10742833455866677, 0.14043152913198634, 0.051628609456248205, 0.02739312337174759, 0.10478031559515807, 0.13893545968300205, 0.042753239706853186, 0.5507040741079945, 0.1587164584484141, 0.019531181508327944, 0.08045149705041263, 0.12400227229473955, 0.026173760498858105, 0.2403330670322402, 0.03926430540001494, 0.07036636479325213]
Average loss : 0.11281982301807753

