PT2016V2PCIE_10_10_EcmP_mk3_stock_custom_pretrain_ftMS_sl10_ll0_pl10_dm18_dp0_pl1_nh3_el3_dl1_df128_fc1_ebtimeF_Exp_dcomp0_kn9_LOlinears_None_rv1_close_pct_change
[1.009628761439554, 0.999380495279066, 1.0066654054868607, 0.9973482311733307, 1.0228270340350367, 1.0072197572838875, 1.0215651582806342, 1.0248615352376815, 0.979409086848459, 1.0037174619013263, 1.0167844177734466, 1.0278615345877986, 1.0188826889761033, 1.0185503176143091, 1.0304716734155532, 1.0098581237177695, 1.0229949703620327, 1.0093865899309036, 0.9913826551168196, 1.0038905908023157, 1.0236221607173643, 1.0053383700789944, 1.0240470065224556, 0.9969856948141129, 0.9844350199545583, 1.0228076096503966, 1.0067702358768833, 1.0163675077980565, 1.0128024922263237, 1.0137354979111302, 1.0068850933063416, 1.0263929578565782, 0.9966241436139229, 1.011385777063908, 1.0099189776566722, 1.0178247293637646, 1.0242394009424793, 1.0210348478248041, 1.0240517179331472, 1.023150771856308, 1.0091192493996313, 1.015572510900036, 1.013953122160127, 0.9944519554415057, 1.0187578278203164, 1.0065107172535313, 1.018579960109726, 1.0159976859727213, 1.0321776930603288, 1.0001893192529678, 1.0200617524885363, 1.0024883338520605, 1.0184084181824038, 1.0227002239515703, 1.013818017657726, 1.0124455687980498, 1.0237113210943438, 1.0239819196924087, 1.025344165102128, 1.007519593642604, 0.9951771949568102, 1.0121054341716151, 1.0365865357941197, 1.0075527362285122, 0.9972211007148989, 1.017496155635003, 1.0172960782243359, 1.0163346019483381, 0.9911450464879313, 1.0211671045230282, 1.0116015739979283]
Average loss : 1.012825062264033

PT2016V2PCIE_20_20_EcmP_mk3_stock_custom_pretrain_ftMS_sl20_ll0_pl20_dm18_dp0_pl1_nh3_el3_dl1_df128_fc1_ebtimeF_Exp_dcomp0_kn9_LOlinears_None_rv1_close_pct_change
[0.9945136095450177, 0.9857790072758993, 1.0042652463525292, 0.9877922428332693, 0.9865181145629263, 0.9762247229010109, 1.0169743718655129, 1.0079803062163717, 0.9648214011657529, 0.9925861826272515, 1.0015048093912078, 1.0083730024535482, 1.005070503891968, 1.0028932627623643, 1.0048249780647154, 1.0025946938894628, 1.009507074104092, 0.9885305740484377, 0.9830097413159967, 0.9809174937445942, 1.0032085388656553, 1.0109729010884354, 1.0067056715488434, 1.0112201825874607, 0.9827402110506849, 0.9969525094923934, 1.0084287034786814, 0.9910037372170425, 1.00032351753576, 1.0110606621435987, 0.9952460658259508, 0.976066650898476, 0.9981471493961366, 1.0019304449480724, 0.9875730981187123, 1.026891495154156, 1.01999287174, 0.9922943556211828, 1.0126467494945215, 1.016775522532502, 0.9977359437360996, 1.0165312035781582, 1.001929282415204, 1.000849200942652, 1.0141162969232576, 1.0045832422206071, 0.9937073205544696, 1.0011614900294359, 1.028146953723295, 0.9998270360434928, 1.0013765484336916, 1.0003396951086152, 1.0172519296165403, 1.012872497725293, 1.0027383689473315, 1.0012372228188244, 1.0005141409432017, 1.0068493143814365, 1.0142280030541304, 1.003576488029666, 0.988737688074267, 0.9987575639554156, 1.0133259223728646, 0.9970423101894255, 0.9969153862173964, 1.0123867312582528, 1.0021197442116776, 0.9910995480490894, 1.00436059415825, 0.9982168032386438, 0.9882796566660811]
Average loss : 1.0009250212023517

PT2016V2PCIE_40_40_EcmP_mk3_stock_custom_pretrain_ftMS_sl40_ll0_pl40_dm18_dp0_pl1_nh3_el3_dl1_df128_fc1_ebtimeF_Exp_dcomp0_kn9_LOlinears_None_rv1_close_pct_change
[0.9889293551445008, 0.9651409044861794, 0.9996023615201314, 0.9780563816428185, 0.9725147167841593, 0.9631398605803648, 1.00087268302838, 1.0080397268136343, 0.9140538354714711, 0.9686061764756838, 1.0050764560699463, 0.9965484417974949, 0.9878995388746261, 0.9846616903940837, 0.9846166739861171, 0.9967781881491343, 1.0068105605741342, 0.9749627605080604, 0.9786976632972558, 0.9710740834474564, 1.0036378110448518, 1.0059531738360723, 1.007246403147777, 0.9981706981857618, 0.9685473258296649, 0.9810296202699343, 1.0041050434112548, 0.9920172894994418, 0.9913243286311626, 0.9933211180071037, 0.9820300916830699, 0.9312119794388612, 0.9913255862891674, 0.9905087391535441, 0.981260601679484, 1.003329945107301, 1.0090039844314258, 0.9926530197262764, 1.0085462115705013, 1.0024947750071684, 0.9892095771928628, 1.0144005571802457, 0.9894405757387479, 0.9938835978507996, 1.0077498632172743, 1.008627051115036, 0.9865007624030113, 0.9840255131324133, 1.0111947589864334, 1.0151382322112719, 0.9769992177685102, 1.0062172715862592, 1.0207579736908277, 1.00013578136762, 0.9660985899468263, 1.0041276052594186, 0.9855566779772441, 1.0156154024104278, 1.0080995842814446, 1.0073316412667432, 0.9714805617928505, 0.9983847344915072, 1.0061342403292657, 1.0001704802115758, 0.9998011360565822, 1.0086274057626725, 0.9924673686424891, 0.9784996747970581, 0.9928563085695108, 0.992555403461059, 0.9879837018748124]
Average loss : 0.99160381768406

PT2016V2PCIE_60_60_EcmP_mk3_stock_custom_pretrain_ftMS_sl60_ll0_pl60_dm18_dp0_pl1_nh3_el3_dl1_df128_fc1_ebtimeF_Exp_dcomp0_kn9_LOlinears_None_rv1_close_pct_change
[0.9878348677845324, 0.9530639825230938, 0.9846228972329931, 0.9791110779269266, 0.9591370053210501, 0.9599383468345061, 0.9970666392374847, 1.0088096811609752, 0.8880424848047354, 0.9551010722831145, 1.001259371385736, 0.9819953671451342, 0.9912154997809458, 0.9747941862728636, 0.9635385461783005, 0.995716878418195, 0.9994956153934285, 0.9652319578296047, 0.9812678886672198, 0.9607789342181158, 1.00698427426613, 0.9930369823665942, 1.0029866857043768, 0.996924181610851, 0.9734887213020001, 0.985039299827511, 1.0097947772276603, 0.9824434286456997, 0.9854140534239301, 0.9972412078562429, 0.9702292801970143, 0.9203116530078953, 0.9751932110826848, 1.0016704969486947, 0.9761839455972283, 1.0043094567323134, 1.0151286546961735, 1.0088046723503177, 1.0019660753718878, 0.9967102378101672, 1.0012792268041837, 1.0066281163086326, 0.9922013393903183, 0.9899638532581976, 0.9936407718618038, 1.0012923080032154, 0.9768547739012766, 0.981521991349883, 0.9976058400283425, 1.0100975097235987, 0.9658037704431405, 0.9991260807392961, 1.016618787737216, 1.0086632729586908, 0.9474317572884641, 1.0022975254361912, 0.9516934530209686, 1.014898517374265, 0.9776967506287462, 0.9992538400120654, 0.9448853220980046, 0.9896334530943531, 0.9990255155805814, 0.9999310551053386, 0.9956757764695054, 0.9954068923400621, 0.9793893644365214, 0.9828404491230592, 0.987037004555686, 0.9777938713461666, 0.9898817261396828]
Average loss : 0.985464133985659

