PT2005V2PCIE_40_10_EcmP_mk3_stock_custom_pretrain_ftMS_sl40_ll0_pl10_dm63_dp0_pl1_nh7_el3_dl1_df128_fc1_ebtimeF_Exp_dcomp0_kn9_LOlinears_None_rv1_close
[0.0018627348680530628, 0.003340469915380354, 0.007271214851012485, 0.04094572730867539, 0.00529030170331125, 0.009387584324231592, 0.002599938453364549, 0.02512771428357494, 0.008052020476957373, 0.0022224108817774043, 0.009524800958418855, 0.001532230551662397, 0.0029444092890825832, 0.00515156755681639]
Average loss : 0.008946651815879903

PT2005V2PCIE_40_10_EcmP_mk3_stock_custom_pretrain_ftMS_sl40_ll0_pl10_dm45_dp0_pl1_nh5_el3_dl1_df128_fc1_ebtimeF_Exp_dcomp0_kn9_LOlinears_None_rv1_close
[0.0022529828923032224, 0.003715559125727958, 0.007414071697946953, 0.04325722824087588, 0.005533854861080773, 0.010270613567682645, 0.0029681222314030817, 0.028069229869140407, 0.008531211051000756, 0.0024437349655673348, 0.009785789649090704, 0.0017301165970373836, 0.00333488914662759, 0.005476967469883799]
Average loss : 0.009627455097526319

PT2005V2PCIE_40_10_EcmP_mk3_stock_custom_pretrain_ftMS_sl40_ll0_pl10_dm45_dp0_pl1_nh5_el3_dl1_df128_fc1_ebtimeF_Exp_dcomp0_kn9_MLP_None_rv1_close
[0.0020014371038256686, 0.0037908032596687454, 0.008625627168990924, 0.05715439920076879, 0.00615986755425584, 0.010730974645338068, 0.003175181833044547, 0.026070300660143465, 0.0080626744046902, 0.00292809585975562, 0.009870554190441217, 0.001919491181887047, 0.0038818877596818544, 0.00556994262388197]
Average loss : 0.010710088389026711

PT2005V2PCIE_10_10_EcmP_mk3_stock_custom_pretrain_ftMS_sl10_ll0_pl10_dm18_dp0_pl1_nh3_el3_dl1_df128_fc1_ebtimeF_Exp_dcomp0_kn9_LOlinears_None_rv1_close
[0.002739888000095644, 0.004183463035404183, 0.009317705366581754, 0.0467602472614359, 0.006401444496414451, 0.011619483645980306, 0.003510427810678961, 0.03079095407567843, 0.009892643475199513, 0.002955362257082799, 0.010782671815751748, 0.0023891806345198207, 0.004141591112190146, 0.006065545477614321]
Average loss : 0.010825043461759139

PT2005V2PCIE_20_20_EcmP_mk3_stock_custom_pretrain_ftMS_sl20_ll0_pl20_dm18_dp0_pl1_nh3_el3_dl1_df128_fc1_ebtimeF_Exp_dcomp0_kn9_LOlinears_None_rv1_close
[0.004987951792262154, 0.00763754743850252, 0.018342458070774965, 0.0891949445877627, 0.011525545442693968, 0.022309300124745916, 0.005864329444168991, 0.0583948073090633, 0.017584525399551902, 0.00525480277792667, 0.018967708323099134, 0.004276971977609768, 0.007735415463685058, 0.011629446413575646]
Average loss : 0.020264696754673052

PT2005V2PCIE_40_40_EcmP_mk3_stock_custom_pretrain_ftMS_sl40_ll0_pl40_dm18_dp0_pl1_nh3_el3_dl1_df128_fc1_ebtimeF_Exp_dcomp0_kn9_LOlinears_None_rv1_close
[0.008771281188481833, 0.012304516635920993, 0.03496600456421387, 0.15226130552411893, 0.020424031549206467, 0.04517466979222086, 0.009089699899062591, 0.09407951779434705, 0.02898783801257, 0.008652590034027352, 0.03636235319930366, 0.006167373367872903, 0.012872276321306202, 0.019778414356042297]
Average loss : 0.034992276588478206

PT2005V2PCIE_60_60_EcmP_mk3_stock_custom_pretrain_ftMS_sl60_ll0_pl60_dm18_dp0_pl1_nh3_el3_dl1_df128_fc1_ebtimeF_Exp_dcomp0_kn9_LOlinears_None_rv1_close
[0.011329846539457818, 0.01240468507631013, 0.04388386096574904, 0.19846955771298752, 0.027006854892058677, 0.05700152256618865, 0.0086259180403881, 0.11910036623580349, 0.030974706007596553, 0.009014864176947022, 0.0459598139247724, 0.005289024764014235, 0.013844839644480715, 0.026264199705416803]
Average loss : 0.04351214716086937

